100
0.37683 0.54046
0.31442 0.06249
0.10686 0.10908
0.5567 0.34798
0.4194 0.8384
0.72841 0.10987
0.46736 0.62859
0.24991 0.21846
0.53902 0.35898
0.6707 0.23162
0.46501 0.04774
0.74321 0.92173
0.95196 0.01775
0.53726 0.60109
0.6339 0.60063
0.82557 0.74151
0.17552 0.01078
0.69425 0.5396
0.07359 0.88385
0.50321 0.70641
0.46867 0.22599
0.71299 0.14541
0.83728 0.32677
0.43383 0.2301
0.68842 0.80255
0.80299 0.51421
0.30789 0.61599
0.65392 0.00748
0.7995 0.59163
0.14304 0.57676
0.47405 0.15287
0.57634 0.04122
0.03 0.21762
0.28672 0.34815
0.28573 0.20928
0.53289 0.66908
0.61953 0.3657
0.17 0.91161
0.09989 0.85928
0.62453 0.60515
0.92428 0.58588
0.81584 0.47391
0.773 0.95574
0.85756 0.99524
0.38709 0.55727
0.09259 0.25471
0.39712 0.14868
0.91977 0.82778
0.6343 0.22783
0.23359 0.52884
0.3701 0.82792
0.33966 0.77505
0.42406 0.95762
0.03548 0.2151
0.50708 0.64313
0.31069 0.03102
0.07966 0.93318
0.88469 0.37011
0.40983 0.58229
0.62348 0.10215
0.2284 0.10583
0.63888 0.77681
0.78659 0.62409
0.02474 0.56004
0.61705 0.60761
0.03505 0.35497
0.59981 0.44384
0.43917 0.13659
0.34027 0.02544
0.51732 0.20271
0.82828 0.67594
0.69253 0.82276
0.11217 0.29996
0.59428 0.09832
0.22792 0.26043
0.34042 0.28478
0.2421 0.06148
0.9559 0.05247
0.63806 0.63927
0.8322 0.66465
0.84942 0.93992
0.68926 0.76863
0.45071 0.71762
0.00062 0.3422
0.9025 0.46115
0.30631 0.19171
0.63915 0.81365
0.67774 0.76349
0.34034 0.32404
0.58142 0.19947
0.92337 0.09946
0.83192 0.87774
0.71978 0.13741
0.23063 0.5199
0.18181 0.68297
0.04962 0.32171
0.04502 0.47903
0.39971 0.59441
0.74875 0.62236
0.26247 0.0892
